{
  "clean_acc": 99.50119018554688,
  "bd_acc": 99.88123321533203,
  "cross_acc": 99.01029205322266
}