{
  "clean_acc": 94.69999694824219,
  "bd_acc": 99.97000122070312,
  "cross_acc": 94.41999816894531
}